0,Practice,switch
0,Practice
0,Practice
0,Practice
0,Practice
0,Practice
0
0
0
0
0
0
0
0
0
0
0
0
50
50
50
50
50
50
50
50
50
50
50
50
100
100
100
100
100
100
100
100
100
100
100
100
150
150
150
150
150
150
150
150
150
150
150
150
200
200
200
200
200
200
200
200
200
200
200
200
250
250
250
250
250
250
250
250
250
250
250
250
300
300
300
300
300
300
300
300
300
300
300
300
350
350
350
350
350
350
350
350
350
350
350
350
0,Practice,switch
0,Practice
0,Practice
0,Practice
0,Practice
0,Practice
0
0
0
0
0
0
0
0
0
0
0
0
50
50
50
50
50
50
50
50
50
50
50
50
100
100
100
100
100
100
100
100
100
100
100
100
150
150
150
150
150
150
150
150
150
150
150
150
200
200
200
200
200
200
200
200
200
200
200
200
250
250
250
250
250
250
250
250
250
250
250
250
300
300
300
300
300
300
300
300
300
300
300
300
350
350
350
350
350
350
350
350
350
350
350
350
0,Practice,switch
0,Practice
0,Practice
0,Practice
0,Practice
0,Practice
0
0
0
0
0
0
0
0
0
0
0
0
50
50
50
50
50
50
50
50
50
50
50
50
100
100
100
100
100
100
100
100
100
100
100
100
150
150
150
150
150
150
150
150
150
150
150
150
200
200
200
200
200
200
200
200
200
200
200
200
250
250
250
250
250
250
250
250
250
250
250
250
300
300
300
300
300
300
300
300
300
300
300
300
350
350
350
350
350
350
350
350
350
350
350
350
0,Practice,switch
0,Practice
0,Practice
0,Practice
0,Practice
0,Practice
0
0
0
0
0
0
0
0
0
0
0
0
50
50
50
50
50
50
50
50
50
50
50
50
100
100
100
100
100
100
100
100
100
100
100
100
150
150
150
150
150
150
150
150
150
150
150
150
200
200
200
200
200
200
200
200
200
200
200
200
250
250
250
250
250
250
250
250
250
250
250
250
300
300
300
300
300
300
300
300
300
300
300
300
350
350
350
350
350
350
350
350
350
350
350
350